41
485
340
526
188
739
489
387
988
488
710
173
304
843
970
491
997
953
831
441
423
618
905
153
292
394
438
734
737
914
452
747
785
549
870
931
692
325
52
903
731
834
353
363
690
668
156
718
281
874
572
671
694
789
57
871
731
750
556
778
328
38
212
843
288
136
49
950
283
670
473
828
905
735
394
365
21
132
417
551
648
635
108
973
774
851
970
383
944
334
960
471
650
334
542
559
134
84
951
557
837
146
643
687
726
939
990
308
704
408
26
773
950
91
276
834
803
588
102
528
10
303
170
654
377
791
678
589
35
64
377
151
957
745
979
433
138
221
25
348
472
299
780
393
959
917
241
767
245
606
428
970
533
43
429
197
900
623
780
656
427
365
651
557
569
489
622
45
605
374
301
866
383
31
600
45
375
222
687
508
289
738
53
1
444
965
906
791
145
467
731
907
672
505
824
423
324
623
835
523
323
623
953
468
620
254
535
587
820
333
230
19
849
641
4
734
198
505
