0
1
10
21
25
26
31
35
38
41
43
45
45
49
52
53
57
64
84
91
102
108
132
134
136
138
145
146
151
153
156
170
173
188
197
212
221
222
241
245
276
281
283
288
289
292
299
301
303
304
308
325
328
334
334
340
348
353
363
365
365
374
375
377
377
383
383
387
393
394
394
408
417
423
427
428
429
433
438
441
444
452
471
472
473
485
488
489
489
491
508
526
528
533
542
549
551
556
557
557
559
569
572
588
589
600
605
606
618
622
623
635
643
648
650
651
654
656
668
670
671
678
687
687
690
692
694
704
710
718
726
731
731
734
735
737
738
739
745
747
750
767
773
774
778
780
780
785
789
791
791
803
828
831
834
834
837
843
843
851
866
870
871
874
900
903
905
905
906
914
917
931
939
944
950
950
951
953
957
959
960
965
970
970
970
973
979
988
990
-1
